1557
1573
1571
236563992
236552306
46554423
95761844
285396127
17286
12129
1447
9575960
1449
1451
1455
1450
1452
285396782
1460
245802329
285396721
1513
1514
12058
6594
1515
135516988
285396623
1516
239891982
18002195
19470
1567
114693176
95761842
1566
9576169
285396490
95761799
285396042
285396026
285396027
285396028
285396044
285396023
285396582
12100
95761846
1522
9576134
1524
245805261
1575
1523
1527
1529
236563973
95761845
171000314
9576071
95761849
95761847
245634098
94934500
12111
9576105
9576107
9576104
9576106
95761838
1293
160888532
21173
95761840
95761839
95761841
1304
19220
1301
34494029
1282
1280
1281
58079460
10214
9576103
244169832
9576109
816
817
9576034
245800737
249149343
